-0.998174 -0.0107948 0.0594294 -0.000188123 -0.01736 0.993659 -0.111089 2.82998e-05 -0.0578534 -0.111917 -0.992032 0.000160032 
-0.997299 -0.0526792 0.051173 -0.000948039 -0.0607449 0.98329 -0.171613 -0.000356572 -0.0412775 -0.174258 -0.983835 -0.00390178 
-0.997473 -0.0554791 0.0443813 0.000583044 -0.0619509 0.985001 -0.161045 0.00204843 -0.034781 -0.163388 -0.985949 -0.00302564 
-0.99428 -0.0778459 0.0731235 -0.00244476 -0.0881952 0.984585 -0.151043 0.00440542 -0.0602382 -0.156628 -0.985819 -0.00633435 
-0.991441 -0.0650071 0.113217 -0.00493875 -0.0862675 0.977122 -0.1944 0.00608058 -0.0979891 -0.202503 -0.974367 -0.0126196 
-0.996736 -0.0316036 0.074284 -0.00128795 -0.0436882 0.984961 -0.167159 0.00953565 -0.067884 -0.169859 -0.983127 -0.0296416 
-0.993717 -0.107257 -0.0319608 -0.00592636 -0.104885 0.992127 -0.0684356 0.014681 0.0390494 -0.0646535 -0.997143 -0.0327591 
-0.995415 -0.0949146 -0.0118743 -0.00610066 -0.0940746 0.99387 -0.0580734 0.0217643 0.0173135 -0.05669 -0.998242 -0.063442 
-0.999088 -0.0399192 0.0151328 0.00557694 -0.0411062 0.995222 -0.0885668 0.0233744 -0.0115249 -0.089108 -0.995955 -0.128729 
-0.999341 -0.0313727 0.018241 0.0149326 -0.0324773 0.997434 -0.0637967 0.0329977 -0.0161928 -0.0643471 -0.997796 -0.219234 
-0.999391 -0.0328995 -0.0116092 0.0370951 -0.0320356 0.997167 -0.0680608 0.02249 0.0138154 -0.0676475 -0.997614 -0.304777 
-0.998954 -0.0413781 0.019449 0.0184267 -0.0426956 0.996412 -0.073079 0.0275425 -0.0163553 -0.073833 -0.997137 -0.439772 
-0.998352 -0.0559515 -0.0127854 0.0130923 -0.0553754 0.997595 -0.0416785 0.02192 0.0150866 -0.0409018 -0.999049 -0.610693 
-0.99636 -0.0339038 0.0782184 -0.00967439 -0.0382197 0.99779 -0.0543565 -0.0104078 -0.0762027 -0.0571481 -0.995453 -0.774363 
-0.992341 -0.0299796 0.119839 -0.01146 -0.0386393 0.996756 -0.0706037 -0.00904136 -0.117334 -0.0746934 -0.99028 -0.950204 
-0.997651 -0.0347156 0.0590504 -0.0413955 -0.0364432 0.998931 -0.0284357 -0.035936 -0.0580001 -0.0305209 -0.99785 -1.11941 
-0.999599 -0.0274406 0.00700104 -0.0475458 -0.0278625 0.997176 -0.0697341 -0.0666319 -0.00506773 -0.0699012 -0.997541 -1.30555 
-0.998548 -0.0389701 0.0371989 -0.0330352 -0.039738 0.999007 -0.0201337 -0.0864693 -0.0363774 -0.0215827 -0.999105 -1.42634 
-0.999392 -0.0278643 0.020946 -0.040812 -0.028122 0.999531 -0.0121126 -0.0946289 -0.0205986 -0.0126943 -0.999707 -1.50188 
-0.999524 -0.0237459 0.0197174 -0.0278733 -0.0249379 0.997728 -0.0625896 -0.0947054 -0.0181863 -0.0630515 -0.997845 -1.63776 
-0.997757 -0.0194259 0.0640518 0.012766 -0.0238157 0.997367 -0.0685 -0.0632632 -0.0625525 -0.0698718 -0.995593 -1.78059 
-0.997912 -0.0313734 0.0564615 -0.0138187 -0.033366 0.998841 -0.0347022 -0.0575071 -0.0553073 -0.0365136 -0.997801 -1.90402 
-0.997748 -0.0225847 0.0631528 0.0446076 -0.0255526 0.998587 -0.0465892 -0.0409788 -0.0620114 -0.048098 -0.996916 -2.03936 
-0.995812 -0.0205142 0.0890969 0.0571028 -0.0243731 0.998802 -0.0424414 -0.0436541 -0.0881195 -0.0444352 -0.995118 -2.15476 
-0.997993 -0.031998 0.0546407 0.0529014 -0.0336538 0.998993 -0.0296571 -0.0265272 -0.0536368 -0.0314365 -0.998066 -2.26203 
-0.998071 -0.0242036 0.0571646 0.0509154 -0.0270754 0.998382 -0.0500094 -0.0165299 -0.0558616 -0.0514607 -0.997111 -2.33974 
-0.996455 -0.0297543 0.078693 0.100387 -0.0323393 0.998972 -0.0317805 0.013707 -0.0776664 -0.0342127 -0.996392 -2.44805 
-0.99392 -0.0352324 0.10432 0.117457 -0.0425619 0.996716 -0.0688888 0.00771553 -0.10155 -0.07291 -0.992155 -2.58849 
-0.996886 -0.0248109 0.0748521 0.0787893 -0.0294451 0.997675 -0.0614575 0.0102057 -0.0731533 -0.0634701 -0.995299 -2.77717 
-0.993885 -0.0249929 0.107553 0.0843568 -0.0332965 0.996543 -0.0761143 -0.016685 -0.105279 -0.07923 -0.991281 -2.94764 
-0.986814 -0.0111137 0.161478 0.0870544 -0.0279973 0.994322 -0.102661 -0.0250622 -0.15942 -0.105828 -0.981522 -3.09433 
-0.992821 -0.0195396 0.118 0.0556268 -0.0273662 0.997505 -0.0650754 -0.015605 -0.116434 -0.0678374 -0.990879 -3.2542 
-0.992209 -0.0105346 0.124137 0.0841461 -0.019512 0.997262 -0.0713263 -0.00979831 -0.123045 -0.0731928 -0.989698 -3.40506 
-0.988839 -0.0350389 0.144811 0.0907376 -0.0418899 0.998129 -0.0445341 0.00206487 -0.142979 -0.0501031 -0.988457 -3.54963 
-0.990939 -0.0304737 0.130811 0.0553366 -0.0321641 0.999424 -0.0108283 0.0204358 -0.130406 -0.0149376 -0.991348 -3.70697 
-0.99407 -0.00834251 0.108425 0.0779466 -0.0155196 0.997731 -0.0655203 0.00417672 -0.107632 -0.0668144 -0.991943 -3.85184 
-0.983773 -0.0246487 0.177717 0.0914426 -0.0311108 0.998949 -0.0336669 0.0322009 -0.1767 -0.0386495 -0.983506 -4.02587 
-0.984503 -0.035626 0.171712 0.0896099 -0.0455182 0.997502 -0.0540195 0.0195539 -0.169358 -0.0609984 -0.983665 -4.16513 
-0.990922 -0.0180996 0.133217 0.0413067 -0.0272249 0.997381 -0.0670001 0.0270944 -0.131655 -0.0700186 -0.98882 -4.40852 
-0.982345 -0.0509527 0.180006 0.0383996 -0.0628084 0.996173 -0.0607861 0.0378183 -0.176219 -0.0710187 -0.981786 -4.577 
-0.984037 -0.0561847 0.168862 0.0177213 -0.0663505 0.99627 -0.0551709 0.0432574 -0.165132 -0.0654942 -0.984094 -4.74071 
-0.987408 -0.0394501 0.153199 -0.0357353 -0.0531072 0.99487 -0.0861023 0.0437349 -0.149016 -0.093154 -0.984437 -4.91859 
-0.984162 -0.0386749 0.173002 -0.0275462 -0.0531953 0.995367 -0.0800977 0.0535091 -0.169103 -0.088032 -0.981659 -5.06564 
-0.981987 -0.0456216 0.183357 -0.0535692 -0.060716 0.995137 -0.0775678 0.051237 -0.178927 -0.0873033 -0.979981 -5.22793 
-0.990767 -0.00871506 0.135293 -0.1008 -0.0179143 0.997597 -0.0669268 0.0694519 -0.134385 -0.0687326 -0.988543 -5.37618 
-0.99266 -0.0179351 0.119604 -0.0777946 -0.0291231 0.99529 -0.0924611 0.0685693 -0.117382 -0.0952656 -0.988507 -5.54801 
-0.98458 -0.0438709 0.169344 -0.0924557 -0.0624455 0.992407 -0.105967 0.0899539 -0.163409 -0.114907 -0.979844 -5.60924 
-0.988679 -0.0510452 0.141095 -0.0958258 -0.0654054 0.992927 -0.0990883 0.0985435 -0.135039 -0.107195 -0.985025 -5.64648 
-0.98902 -0.0560219 0.136754 -0.101166 -0.0683952 0.993812 -0.0875221 0.0993053 -0.131005 -0.0959144 -0.986731 -5.73362 
-0.981278 -0.0787881 0.175745 -0.100359 -0.0917043 0.993556 -0.0666139 0.134817 -0.169364 -0.0814833 -0.982179 -5.88277 
-0.980277 -0.0695814 0.184975 -0.121533 -0.0829514 0.994396 -0.0655431 0.12826 -0.179377 -0.0795943 -0.980555 -6.02119 
-0.98512 -0.0535919 0.163296 -0.143738 -0.0677396 0.9943 -0.0823371 0.12607 -0.157952 -0.0921736 -0.983135 -6.17151 
-0.983711 -0.0837017 0.159084 -0.163849 -0.0945082 0.993616 -0.0616115 0.147583 -0.152911 -0.0756426 -0.985341 -6.35931 
-0.985348 -0.0837007 0.148609 -0.185031 -0.0912167 0.994837 -0.0444903 0.150122 -0.144117 -0.057394 -0.987895 -6.52394 
-0.988683 -0.0694811 0.132961 -0.218755 -0.0759364 0.996137 -0.0441056 0.146014 -0.129383 -0.053703 -0.990139 -6.67889 
-0.984024 -0.0856128 0.156098 -0.247023 -0.0977036 0.992644 -0.0714915 0.149753 -0.14883 -0.0856007 -0.985151 -6.87621 
-0.967284 -0.0646455 0.24532 -0.28173 -0.0875715 0.992634 -0.0837162 0.152446 -0.238101 -0.10246 -0.965821 -7.02098 
-0.943824 -0.0455041 0.3273 -0.352291 -0.0647001 0.99675 -0.0479968 0.173136 -0.324052 -0.0664769 -0.943701 -7.16054 
-0.887204 -0.00988274 0.461271 -0.421494 -0.0488763 0.996158 -0.0726655 0.159147 -0.458781 -0.0870144 -0.884278 -7.33877 
-0.776745 -0.0336008 0.628918 -0.46601 -0.0740641 0.99652 -0.0382323 0.184085 -0.625445 -0.076277 -0.776531 -7.51957 
-0.724282 -0.0291605 0.688887 -0.517341 -0.0771511 0.996259 -0.0389437 0.179107 -0.685174 -0.0813546 -0.723822 -7.62564 
-0.666297 -0.0097439 0.745623 -0.591074 -0.0723322 0.996044 -0.0516205 0.164584 -0.74217 -0.0883271 -0.664366 -7.76941 
-0.592967 -0.0215877 0.804937 -0.673123 -0.067464 0.997458 -0.0229472 0.174838 -0.802396 -0.0679112 -0.592916 -7.95689 
-0.551472 -0.00806181 0.834154 -0.753792 -0.0608238 0.99768 -0.0305693 0.155387 -0.831973 -0.0675946 -0.550683 -8.0477 
-0.544327 -0.0116926 0.838791 -0.872444 -0.0544092 0.99829 -0.0213925 0.132127 -0.837107 -0.0572825 -0.544032 -8.17243 
-0.493 -0.0218914 0.869754 -0.994564 -0.0856703 0.996047 -0.0234901 0.134921 -0.865801 -0.0860927 -0.492927 -8.32365 
-0.488184 -0.0225706 0.872449 -1.13066 -0.0723697 0.99727 -0.0146952 0.109563 -0.869735 -0.0703129 -0.488485 -8.43506 
-0.506921 -0.00261514 0.861989 -1.32374 -0.0566211 0.997937 -0.0302703 0.130113 -0.860131 -0.0641514 -0.506023 -8.53745 
-0.477115 -0.0164609 0.878687 -1.50854 -0.0704571 0.997323 -0.0195738 0.113391 -0.876012 -0.0712487 -0.476997 -8.66061 
-0.465218 -0.0158424 0.885054 -1.68062 -0.0827022 0.996244 -0.0256387 0.0961956 -0.881324 -0.0851236 -0.464781 -8.77576 
-0.474465 -0.00557346 0.880257 -1.84193 -0.0578423 0.998016 -0.0248584 0.0930034 -0.878372 -0.0627105 -0.473846 -8.87916 
-0.44965 -0.0175473 0.893032 -2.02069 -0.059197 0.998194 -0.0101926 0.0750811 -0.891241 -0.0574479 -0.449877 -9.01855 
-0.423576 -0.0286406 0.905408 -2.18962 -0.0663539 0.997796 0.000520816 0.0646798 -0.903427 -0.0598567 -0.424543 -9.14159 
-0.462092 0.00160103 0.88683 -2.36853 -0.0387091 0.999009 -0.0219734 0.064928 -0.885987 -0.0444821 -0.461573 -9.23592 
-0.437443 -0.0100737 0.89919 -2.55608 -0.0617434 0.997914 -0.0188576 0.08304 -0.897124 -0.0637682 -0.437153 -9.35064 
-0.396397 -0.0209568 0.91784 -2.71921 -0.0928802 0.995526 -0.0173825 0.0766439 -0.913369 -0.0921396 -0.396569 -9.46952 
-0.396525 -0.0283924 0.917585 -2.90994 -0.0628409 0.998017 0.00372515 0.0848937 -0.915871 -0.0561847 -0.397522 -9.57253 
-0.386307 -0.0231199 0.92208 -3.04124 -0.0654286 0.997854 -0.00239156 0.06767 -0.920047 -0.0612543 -0.386991 -9.69949 
-0.374455 -0.0198488 0.927033 -3.22624 -0.0585124 0.998284 -0.00226051 0.0930897 -0.925397 -0.0550894 -0.374974 -9.83108 
-0.400705 -0.0253264 0.915857 -3.40229 -0.038338 0.999206 0.0108577 0.0679318 -0.915405 -0.0307614 -0.401358 -9.9121 
-0.377857 -0.00737693 0.925834 -3.52232 -0.0682373 0.997471 -0.0199017 -0.00458313 -0.923346 -0.0706965 -0.377405 -10.0111 
-0.352767 -0.00488504 0.935698 -3.68541 -0.0588579 0.998122 -0.0169791 0.00504318 -0.933858 -0.0610629 -0.352392 -10.1567 
-0.393868 -0.0307768 0.918652 -3.91691 -0.0514185 0.998612 0.0114102 -0.00975782 -0.917728 -0.0427416 -0.394903 -10.2663 
-0.376863 -0.0218863 0.92601 -4.17271 -0.0691763 0.997594 -0.00457487 -0.00211333 -0.923682 -0.0657821 -0.37747 -10.4018 
-0.330471 -0.0280825 0.943398 -4.35023 -0.0421777 0.998998 0.0149628 0.0106355 -0.942873 -0.0348457 -0.331324 -10.5308 
-0.379719 -0.0480642 0.923852 -4.55106 -0.0853598 0.99621 0.0167443 -0.00374846 -0.921155 -0.0725017 -0.382383 -10.6677 
-0.387562 -0.014804 0.921725 -4.72004 -0.0949071 0.995199 -0.0239219 -0.0472708 -0.916945 -0.0967494 -0.387106 -10.8323 
-0.320866 -0.0277358 0.946718 -4.94157 -0.0582609 0.998256 0.00949965 -0.0367568 -0.945331 -0.0521085 -0.321922 -10.9753 
-0.322107 -0.012577 0.94662 -5.20241 -0.0305385 0.999529 0.00288863 -0.0649301 -0.94621 -0.0279779 -0.32234 -11.1 
-0.32454 0.00392511 0.945864 -5.4133 -0.0430105 0.998896 -0.0189027 -0.126919 -0.944894 -0.0468168 -0.324013 -11.2133 
-0.302154 -0.00251955 0.953256 -5.64026 -0.0346707 0.999364 -0.00834818 -0.113493 -0.952628 -0.0355725 -0.302049 -11.3352 
-0.277775 -0.00156718 0.960645 -5.87775 -0.0361942 0.999306 -0.00883548 -0.128108 -0.959964 -0.0372241 -0.277639 -11.4107 
-0.286997 0.00317132 0.957926 -6.15348 -0.0713866 0.997143 -0.0246888 -0.136755 -0.955268 -0.0754687 -0.285951 -11.5019 
-0.225675 0.00470309 0.974191 -6.39932 -0.0714157 0.997218 -0.021358 -0.146814 -0.971582 -0.0743925 -0.224711 -11.6165 
-0.230624 -0.00157541 0.973042 -6.5965 -0.0632451 0.997908 -0.0133742 -0.187695 -0.970986 -0.0646245 -0.230241 -11.7184 
-0.263839 0.00417671 0.964558 -6.79381 -0.0509633 0.998533 -0.018264 -0.168923 -0.96322 -0.0539758 -0.263239 -11.7845 
-0.240429 -0.00809494 0.970633 -7.00728 -0.0541201 0.998522 -0.00507822 -0.157749 -0.969157 -0.0537517 -0.240512 -11.901 
-0.268805 -0.0146916 0.963083 -7.23945 -0.045603 0.998957 0.00251067 -0.167402 -0.962115 -0.0432446 -0.269195 -12.0024 
-0.305296 -0.0022081 0.952255 -7.44851 -0.0350425 0.999346 -0.00891743 -0.164167 -0.951613 -0.0360919 -0.305173 -12.1079 
-0.283575 -0.0130316 0.958861 -7.62789 -0.0413491 0.999144 0.00135038 -0.175432 -0.958058 -0.0392651 -0.283871 -12.1962 
-0.317497 -0.0159241 0.948125 -7.84511 -0.0691827 0.997583 -0.00641232 -0.188044 -0.945732 -0.0676298 -0.317832 -12.2782 
-0.335733 -0.00648567 0.941935 -8.05582 -0.0506635 0.998653 -0.0111817 -0.171978 -0.940594 -0.0514758 -0.335609 -12.3141 
-0.317567 -0.0127582 0.94815 -8.23415 -0.0358766 0.999355 0.00143093 -0.16151 -0.947557 -0.0335619 -0.31782 -12.4022 
-0.310861 -0.0384212 0.949678 -8.43021 -0.0343193 0.998985 0.0291821 -0.178053 -0.949836 -0.0235207 -0.311864 -12.4662 
-0.314741 -0.0307198 0.94868 -8.62214 -0.00979746 0.999528 0.0291158 -0.175143 -0.949127 -0.000130716 -0.314893 -12.5127 
-0.285623 -0.0456774 0.957253 -8.76857 -0.00974151 0.99895 0.0447605 -0.191217 -0.958293 0.00345954 -0.285768 -12.5595 
-0.269913 -0.0443556 0.961863 -8.92466 -0.0273881 0.998888 0.0383775 -0.200753 -0.962495 -0.015985 -0.270828 -12.6606 
-0.289618 -0.0464281 0.956015 -9.10665 -0.024941 0.99885 0.0409526 -0.204025 -0.956817 -0.0119834 -0.290443 -12.7244 
-0.308998 -0.0303868 0.950577 -9.26977 -0.0251969 0.9994 0.0237569 -0.21567 -0.950729 -0.0166108 -0.309578 -12.8141 
-0.264462 -0.0452004 0.963336 -9.42213 -0.017478 0.998962 0.0420737 -0.201119 -0.964238 -0.00571026 -0.264978 -12.8943 
-0.254689 -0.0342128 0.966418 -9.58518 -0.0220805 0.999319 0.0295585 -0.205227 -0.966771 -0.0138107 -0.255271 -12.9684 
-0.324129 -0.0192657 0.945817 -9.74264 -0.0222325 0.999672 0.0127436 -0.198567 -0.945752 -0.0168973 -0.324451 -13.0326 
-0.25676 -0.0483762 0.965264 -9.95514 -0.0330259 0.998602 0.0412621 -0.184999 -0.965911 -0.0212843 -0.257999 -13.115 
-0.246386 -0.0415921 0.968279 -10.1219 -0.0460905 0.998451 0.0311601 -0.197058 -0.968075 -0.036951 -0.247921 -13.2063 
-0.296468 0.00127371 0.955042 -10.2838 0.00204091 0.999998 -0.000700124 -0.17261 -0.955041 0.00174159 -0.29647 -13.2663 
-0.238613 -0.00913136 0.971072 -10.4618 -0.0317796 0.999494 0.00158969 -0.182163 -0.970595 -0.0304809 -0.238783 -13.328 
-0.208648 -0.0324189 0.977453 -10.5882 -0.034063 0.999085 0.0258652 -0.173707 -0.977398 -0.0278982 -0.209561 -13.4202 
-0.221121 -0.0116756 0.975177 -10.7376 -0.0216131 0.999741 0.00706895 -0.171934 -0.975007 -0.0195134 -0.221316 -13.4696 
-0.217054 0.00634002 0.976139 -10.9241 -0.0456903 0.998817 -0.016647 -0.185055 -0.97509 -0.0482133 -0.216507 -13.5201 
-0.202936 0.00498512 0.979179 -11.1249 -0.0249172 0.999637 -0.0102534 -0.180722 -0.978875 -0.0264792 -0.202738 -13.5941 
-0.201673 0.0168584 0.979308 -11.3254 -0.0279058 0.999347 -0.0229501 -0.198262 -0.979055 -0.0319567 -0.201071 -13.6206 
-0.196057 0.0155393 0.980469 -11.5189 -0.063465 0.997577 -0.0285011 -0.193323 -0.978537 -0.0678134 -0.194596 -13.665 
-0.159329 0.0169985 0.987079 -11.6891 -0.0591639 0.99789 -0.0267346 -0.191727 -0.985451 -0.0626591 -0.157987 -13.7183 
-0.163764 0.00226106 0.986497 -11.8471 -0.0663294 0.997709 -0.0132978 -0.18899 -0.984267 -0.0676115 -0.163239 -13.7503 
-0.165238 0.00907204 0.986212 -12.0093 -0.036995 0.999197 -0.0153899 -0.180691 -0.98556 -0.0390279 -0.16477 -13.7557 
-0.118256 0.00470653 0.992972 -12.1729 -0.0403579 0.99914 -0.00954213 -0.185797 -0.992163 -0.0412027 -0.117965 -13.7784 
-0.0842238 0.00277919 0.996443 -12.3661 -0.0528089 0.998578 -0.0072488 -0.195439 -0.995047 -0.0532316 -0.0839573 -13.8278 
-0.129101 0.0247245 0.991323 -12.5397 -0.0512178 0.998189 -0.0315659 -0.186813 -0.990308 -0.0548485 -0.127601 -13.8374 
-0.128238 0.0221339 0.991496 -12.6829 -0.0765695 0.996546 -0.03215 -0.176049 -0.988783 -0.0800413 -0.1261 -13.8673 
-0.0887146 0.0114308 0.995991 -12.8592 -0.050187 0.998613 -0.0159311 -0.168756 -0.994792 -0.0513992 -0.0880179 -13.9262 
-0.113125 0.00743138 0.993553 -13.0514 -0.0722747 0.997261 -0.0156883 -0.191111 -0.990949 -0.0735835 -0.112278 -13.9661 
-0.141709 0.0289397 0.989485 -13.2197 -0.0785032 0.996096 -0.0403759 -0.212515 -0.986791 -0.0833994 -0.138884 -13.9726 
-0.127981 0.0219751 0.991533 -13.4479 -0.0840738 0.995915 -0.032924 -0.208417 -0.988207 -0.0875756 -0.12561 -14.0358 
-0.120695 0.0158849 0.992563 -13.6176 -0.0815763 0.996331 -0.0258649 -0.200311 -0.989332 -0.0840914 -0.118957 -14.0442 
-0.185957 0.0317585 0.982045 -13.7828 -0.0552936 0.997555 -0.0427303 -0.192815 -0.981001 -0.0622468 -0.183746 -14.0544 
-0.197981 0.0266465 0.979844 -13.978 -0.0573929 0.9976 -0.0387259 -0.201838 -0.978524 -0.0639031 -0.195977 -14.1003 
-0.186581 0.00531513 0.982425 -14.19 -0.087527 0.995919 -0.0220112 -0.213285 -0.978533 -0.0900956 -0.185355 -14.1179 
-0.216171 0.0145845 0.976247 -14.3213 -0.0644733 0.997493 -0.0291782 -0.18308 -0.974224 -0.0692493 -0.214688 -14.1718 
-0.171603 -0.00207691 0.985164 -14.4983 -0.0394184 0.999211 -0.00475966 -0.179271 -0.984377 -0.0396504 -0.17155 -14.2258 
-0.138292 -0.00932623 0.990348 -14.6738 -0.0846548 0.996407 -0.00243785 -0.182589 -0.986767 -0.0841748 -0.138584 -14.2714 
-0.159449 0.00919811 0.987163 -14.842 -0.0343775 0.999298 -0.0148639 -0.159165 -0.986607 -0.0363063 -0.159021 -14.2958 
-0.144091 0.0167529 0.989423 -15.0453 -0.049494 0.998483 -0.0241142 -0.155805 -0.988326 -0.0524452 -0.143044 -14.3247 
-0.136709 -0.00445889 0.990601 -15.2056 -0.0571087 0.998362 -0.00338754 -0.147623 -0.988964 -0.057035 -0.13674 -14.3746 
-0.155414 0.000427639 0.987849 -15.3867 -0.0613565 0.998065 -0.010085 -0.168542 -0.985942 -0.0621784 -0.155087 -14.3793 
-0.160291 -0.00329439 0.987064 -15.5325 -0.0741609 0.997208 -0.0087149 -0.178783 -0.98428 -0.0745986 -0.160088 -14.3912 
-0.12235 -0.0214141 0.992256 -15.7058 -0.0687619 0.997548 0.0130496 -0.161392 -0.990102 -0.0666328 -0.123522 -14.4359 
-0.125009 -0.0128884 0.992072 -15.8693 -0.0890331 0.996027 0.00172085 -0.168067 -0.988153 -0.0881121 -0.12566 -14.4573 
-0.136682 0.005526 0.9906 -16.0375 -0.0951366 0.995289 -0.018679 -0.167322 -0.986036 -0.0967953 -0.135512 -14.4683 
-0.0978668 0.0112016 0.995136 -16.2251 -0.0826661 0.99639 -0.0193456 -0.162674 -0.99176 -0.0841574 -0.0965875 -14.5206 
-0.0754461 0.00721426 0.997124 -16.368 -0.105777 0.994274 -0.0151971 -0.165504 -0.991524 -0.10662 -0.074251 -14.5696 
-0.110385 0.00665163 0.993867 -16.5419 -0.0996244 0.994867 -0.0177232 -0.153709 -0.988883 -0.10097 -0.109155 -14.6133 
-0.0779823 0.014007 0.996856 -16.7089 -0.107976 0.993901 -0.0224123 -0.161923 -0.99109 -0.109385 -0.0759943 -14.6535 
-0.0272592 0.0143415 0.999526 -16.86 -0.111295 0.993637 -0.0172923 -0.16454 -0.993414 -0.111714 -0.0254896 -14.693 
-0.0903553 0.000699561 0.995909 -17.0104 -0.0985482 0.995086 -0.00963992 -0.160335 -0.991022 -0.0990161 -0.0898424 -14.7005 
-0.0788545 0.00568541 0.99687 -17.2033 -0.0944142 0.995446 -0.0131457 -0.164183 -0.992405 -0.0951553 -0.0779586 -14.7172 
-0.0773684 -0.00176318 0.997001 -17.3851 -0.0921521 0.99573 -0.00539017 -0.146393 -0.992735 -0.0922928 -0.0772006 -14.7562 
-0.120245 0.00770832 0.992714 -17.5549 -0.0535192 0.998465 -0.0142356 -0.135491 -0.991301 -0.0548411 -0.119648 -14.7626 
-0.132149 0.0141125 0.991129 -17.7235 -0.0721812 0.997107 -0.0238216 -0.140985 -0.988598 -0.0746889 -0.130748 -14.7666 
-0.101839 -0.0050262 0.994788 -17.8869 -0.0396507 0.999213 0.000989409 -0.12886 -0.994011 -0.0393433 -0.101958 -14.8045 
-0.125616 -0.0109475 0.992019 -18.0653 -0.0654857 0.99785 0.00271967 -0.143692 -0.989915 -0.0646214 -0.126063 -14.8522 
-0.139233 0.00498324 0.990247 -18.2524 -0.0590687 0.998165 -0.0133284 -0.133039 -0.988496 -0.0603483 -0.138683 -14.8573 
-0.132876 -0.00163011 0.991131 -18.4619 -0.0562664 0.998398 -0.0059013 -0.135653 -0.989534 -0.0565515 -0.132755 -14.9043 
-0.138468 -0.0275781 0.989983 -18.6483 -0.0718034 0.997261 0.0177377 -0.142765 -0.987761 -0.068628 -0.140069 -14.9195 
-0.165683 0.00191883 0.986177 -18.8347 -0.0678539 0.997606 -0.0133409 -0.125802 -0.983842 -0.0691264 -0.165157 -14.8908 
-0.106523 0.00878455 0.994271 -19.0077 -0.0657015 0.997713 -0.015854 -0.117288 -0.992137 -0.0670139 -0.105702 -14.9097 
-0.110604 0.012714 0.993783 -19.1808 -0.0938108 0.99532 -0.0231744 -0.134159 -0.989427 -0.0957908 -0.108893 -14.948 
-0.148756 0.0203707 0.988664 -19.3476 -0.0591872 0.997812 -0.0294646 -0.118042 -0.987101 -0.0628993 -0.147225 -14.9546 
-0.133089 0.0272758 0.990729 -19.5345 -0.066767 0.997104 -0.0364204 -0.143307 -0.988853 -0.0709952 -0.130883 -14.9684 
-0.107636 0.012155 0.994116 -19.6649 -0.0338235 0.999302 -0.0158806 -0.12818 -0.993615 -0.0353338 -0.10715 -14.9987 
-0.115282 0.00661926 0.993311 -19.8508 -0.0519699 0.998568 -0.0126858 -0.133002 -0.991972 -0.0530847 -0.114773 -15.0005 
-0.151087 0.0257165 0.988186 -20.0272 -0.0549802 0.997896 -0.0343753 -0.13904 -0.98699 -0.0595243 -0.149355 -15.0168 
-0.104457 0.0272174 0.994157 -20.2192 -0.0495402 0.998242 -0.0325345 -0.142877 -0.993295 -0.0526492 -0.102925 -15.0632 
-0.0881375 0.0226088 0.995852 -20.3945 -0.0744837 0.996794 -0.0292223 -0.145861 -0.99332 -0.0767504 -0.0861709 -15.1004 
-0.109883 0.021947 0.993702 -20.5797 -0.0272353 0.999314 -0.0250826 -0.13892 -0.993571 -0.0298199 -0.109209 -15.1339 
-0.0806847 0.0358617 0.996094 -20.7594 -0.0705965 0.996637 -0.0415996 -0.153601 -0.994236 -0.0736772 -0.0778816 -15.171 
-0.0617634 0.0271693 0.997721 -20.9029 -0.0860283 0.995764 -0.0324416 -0.158912 -0.994377 -0.0878359 -0.0591645 -15.2042 
-0.089604 0.0280816 0.995582 -21.0956 -0.0799199 0.996176 -0.0352913 -0.15485 -0.992766 -0.0827291 -0.0870171 -15.2366 
-0.108086 0.0400647 0.993334 -21.2579 -0.0832031 0.995317 -0.0491981 -0.149619 -0.990654 -0.087966 -0.104246 -15.2509 
-0.0827372 0.0227808 0.996311 -21.4457 -0.0576311 0.997956 -0.0276044 -0.142917 -0.994904 -0.0597024 -0.0812552 -15.2751 
-0.080447 0.0176781 0.996602 -21.6142 -0.0503535 0.998494 -0.0217763 -0.140512 -0.995486 -0.0519343 -0.0794357 -15.3045 
-0.0908743 0.0431643 0.994927 -21.8133 -0.0872635 0.994872 -0.0511324 -0.149914 -0.992032 -0.0914674 -0.0866417 -15.3415 
-0.0369492 0.0214128 0.999088 -21.9692 -0.0618978 0.997802 -0.0236744 -0.135557 -0.997398 -0.0627161 -0.0355425 -15.3853 
-0.0657342 0.00705844 0.997812 -22.1177 -0.0631882 0.997939 -0.0112221 -0.133836 -0.995835 -0.0637876 -0.0651527 -15.4013 
-0.14514 0.0275293 0.989028 -22.3226 -0.0515149 0.998047 -0.0353401 -0.142445 -0.988069 -0.0560789 -0.143438 -15.4195 
-0.136624 0.0155719 0.990501 -22.511 -0.0425238 0.998863 -0.0215689 -0.158171 -0.98971 -0.0450667 -0.135806 -15.4549 
-0.117078 0.03601 0.99247 -22.781 -0.0873938 0.995092 -0.0464147 -0.182507 -0.98927 -0.0921698 -0.113357 -15.5038 
-0.163584 0.0110913 0.986467 -22.9488 -0.103058 0.994274 -0.0282689 -0.196441 -0.981132 -0.106288 -0.161504 -15.5671 
-0.10632 0.0042125 0.994323 -23.1512 -0.112719 0.993494 -0.0162617 -0.191229 -0.987922 -0.113808 -0.105154 -15.6251 
-0.105167 -0.00312179 0.99445 -23.3383 -0.128147 0.9917 -0.0104389 -0.218638 -0.986164 -0.128533 -0.104694 -15.6718 
-0.124804 0.00171356 0.99218 -23.5008 -0.0668092 0.997714 -0.0101269 -0.189638 -0.989929 -0.0675507 -0.124404 -15.699 
-0.0998816 0.0153828 0.99488 -23.7279 -0.0841831 0.996165 -0.0238543 -0.209463 -0.991432 -0.0861347 -0.0982036 -15.7149 
-0.0851073 -0.00713675 0.996346 -23.9099 -0.0982605 0.99516 -0.0012651 -0.213576 -0.991515 -0.0980091 -0.0853967 -15.7586 
-0.135583 0.00576101 0.990749 -24.075 -0.0780808 0.996811 -0.0164816 -0.228238 -0.987684 -0.0795931 -0.134701 -15.7571 
-0.142596 -0.00365325 0.989774 -24.2606 -0.0890689 0.995983 -0.0091559 -0.255808 -0.985765 -0.0894637 -0.142348 -15.7801 
-0.156462 -0.024792 0.987373 -24.4506 -0.0939857 0.995522 0.0101034 -0.251947 -0.983202 -0.0912182 -0.158091 -15.8492 
-0.159335 -0.038616 0.986469 -24.643 -0.0633034 0.997578 0.0288261 -0.241297 -0.985193 -0.0578538 -0.161394 -15.8483 
-0.155307 -0.0282685 0.987462 -24.8693 -0.0827429 0.99645 0.0155121 -0.256193 -0.984395 -0.0792963 -0.157095 -15.8845 
-0.139892 -0.0488755 0.98896 -25.0531 -0.0827906 0.995861 0.0375055 -0.272721 -0.9867 -0.0766299 -0.14336 -15.943 
-0.171104 -0.0677449 0.982921 -25.1872 -0.0678628 0.996074 0.0568381 -0.274426 -0.982913 -0.0569786 -0.17503 -15.9664 
-0.170533 -0.0461467 0.984271 -25.3052 -0.0799383 0.996258 0.0328588 -0.297093 -0.982104 -0.0730774 -0.173584 -15.9979 
-0.159566 -0.0636542 0.985133 -25.4925 -0.0498876 0.997164 0.0563511 -0.299659 -0.985926 -0.0401542 -0.162289 -16.0387 
-0.169545 -0.0518958 0.984155 -25.6983 -0.0747878 0.996411 0.039658 -0.298236 -0.982681 -0.066879 -0.172818 -16.0607 
-0.167277 -0.0176163 0.985753 -25.8638 -0.0803998 0.996754 0.00416945 -0.306137 -0.982626 -0.0785568 -0.16815 -16.1 
-0.0971017 0.0112969 0.99521 -26.0694 -0.101257 0.994635 -0.0211699 -0.305454 -0.99011 -0.102827 -0.0954369 -16.1189 
-0.0710059 -0.00999688 0.997426 -26.2856 -0.0945763 0.995512 0.00324489 -0.297196 -0.992982 -0.0941024 -0.0716327 -16.1708 
-0.0593393 0.0334456 0.997678 -26.459 -0.0805271 0.996021 -0.0381796 -0.296372 -0.994985 -0.0826056 -0.05641 -16.2114 
-0.0368818 0.00988813 0.999271 -26.635 -0.0730229 0.997251 -0.0125633 -0.270348 -0.996648 -0.0734331 -0.0360584 -16.28 
-0.0650485 0.0220175 0.997639 -26.8 -0.053354 0.99825 -0.0255098 -0.253827 -0.996455 -0.0548874 -0.06376 -16.3222 
-0.0358277 0.0694496 0.996942 -26.9911 -0.0977876 0.992551 -0.072658 -0.290761 -0.994562 -0.100092 -0.0287695 -16.3187 
0.0176386 0.0526908 0.998455 -27.1611 -0.0709901 0.996156 -0.0513154 -0.269902 -0.997321 -0.0699753 0.0213113 -16.3452 
0.0137059 0.0436656 0.998952 -27.2769 -0.076797 0.996141 -0.0424891 -0.277862 -0.996953 -0.0761342 0.0170064 -16.349 
0.028889 0.0558302 0.998022 -27.4779 -0.0810292 0.995284 -0.0533315 -0.299354 -0.996293 -0.0793282 0.0332767 -16.3431 
0.0341369 0.0524164 0.998042 -27.696 -0.125759 0.990911 -0.0477404 -0.28105 -0.991473 -0.123883 0.0404186 -16.3722 
0.0173686 0.0418639 0.998972 -27.8869 -0.124377 0.991453 -0.0393863 -0.292162 -0.992083 -0.123566 0.022427 -16.3661 
-0.047672 0.0174656 0.99871 -28.0641 -0.0848005 0.996167 -0.021469 -0.29771 -0.995257 -0.0857146 -0.0460081 -16.3684 
-0.0670474 -0.0330421 0.997203 -28.2234 -0.0600311 0.997774 0.0290248 -0.290109 -0.995942 -0.0579171 -0.0688817 -16.4062 
-0.0877369 -0.0455076 0.995104 -28.3741 -0.0500956 0.997894 0.0412183 -0.311733 -0.994883 -0.046234 -0.0898318 -16.4119 
-0.139713 -0.0104159 0.990137 -28.5624 -0.0425131 0.999086 0.00451129 -0.304432 -0.989279 -0.0414635 -0.140028 -16.4111 
-0.137314 -0.0061984 0.990508 -28.7007 -0.0432565 0.999064 0.000255315 -0.33263 -0.989583 -0.0428108 -0.137453 -16.4462 
-0.150056 -0.00790814 0.988646 -28.8362 -0.0694884 0.997579 -0.0025673 -0.371607 -0.986233 -0.0690847 -0.150242 -16.4575 
-0.172279 -0.00500878 0.985036 -28.9951 -0.0454198 0.998964 -0.00286414 -0.332355 -0.984001 -0.0452335 -0.172328 -16.5001 
-0.132319 -0.0122974 0.991131 -29.1843 -0.080724 0.996735 0.00159005 -0.401892 -0.987915 -0.0797977 -0.13288 -16.5154 
-0.0860031 -0.033004 0.995748 -29.3436 -0.118094 0.992743 0.0227045 -0.389033 -0.989271 -0.11564 -0.0892766 -16.5558 
-0.160316 -0.00860518 0.987028 -29.5235 -0.0697611 0.99756 -0.00263381 -0.405864 -0.984598 -0.0692784 -0.160525 -16.5593 
-0.131799 -0.0180477 0.991112 -29.6854 -0.0757677 0.997093 0.00808092 -0.511506 -0.988377 -0.0740293 -0.132783 -16.6775 
-0.10101 -0.00603186 0.994867 -29.9595 -0.122951 0.992392 -0.00646652 -0.473761 -0.987259 -0.122973 -0.100983 -16.6113 
-0.125118 0.0122891 0.992066 -30.1619 -0.0632197 0.997792 -0.0203332 -0.462536 -0.990126 -0.0652622 -0.124065 -16.5687 
-0.0845403 -0.0112078 0.996357 -30.3302 -0.0300221 0.999511 0.0086959 -0.510383 -0.995968 -0.0291776 -0.0848355 -16.5998 
-0.0784073 -0.0189919 0.996741 -30.4823 -0.0468994 0.998782 0.0153415 -0.522853 -0.995818 -0.0455437 -0.0792025 -16.6288 
-0.130024 -0.015187 0.991395 -30.7022 -0.00513622 0.99988 0.0146434 -0.516992 -0.991498 -0.00318803 -0.130087 -16.6527 
-0.0984746 -0.0161478 0.995009 -30.945 -0.00847807 0.999846 0.0153873 -0.548089 -0.995103 -0.00692049 -0.0985963 -16.6801 
-0.0989902 -0.0297959 0.994642 -31.2035 -0.0431673 0.998739 0.0256225 -0.4996 -0.994152 -0.0403996 -0.100152 -16.7044 
-0.14572 -0.00253359 0.989323 -31.3873 -0.0277624 0.999613 -0.00152926 -0.506574 -0.988936 -0.0276888 -0.145734 -16.6955 
-0.177582 0.00993631 0.984056 -31.6268 -0.0139337 0.999823 -0.01261 -0.474212 -0.984007 -0.0159508 -0.177412 -16.7095 
-0.183197 -0.0202049 0.982869 -31.8823 -0.0175559 0.999697 0.0172786 -0.487073 -0.98292 -0.0140897 -0.183496 -16.7057 
-0.194697 -4.85219e-07 0.980864 -32.0475 0.0174538 0.999842 0.00346499 -0.487238 -0.980708 0.0177944 -0.194666 -16.6867 
-0.170446 -0.0014915 0.985366 -32.2451 0.00160208 0.999997 0.00179077 -0.523168 -0.985366 0.00188386 -0.170443 -16.7008 
-0.148638 -0.0177347 0.988733 -32.4436 -0.00482776 0.99984 0.0172082 -0.654916 -0.98888 -0.00221557 -0.1487 -16.7467 
-0.160566 -0.00729713 0.986998 -32.7022 -0.001526 0.999973 0.00714481 -0.658326 -0.987024 -0.000358947 -0.160573 -16.7476 
-0.151341 0.00498112 0.988469 -32.9731 -0.0156009 0.999851 -0.00742707 -0.679745 -0.988359 -0.016545 -0.151241 -16.7987 
-0.139128 -0.0200612 0.990071 -33.1965 -0.0214079 0.999622 0.0172464 -0.715664 -0.990043 -0.0187959 -0.139505 -16.8239 
-0.166664 -0.0179519 0.98585 -33.436 -0.0134784 0.999782 0.015927 -0.711828 -0.985922 -0.0106332 -0.166869 -16.8434 
-0.112476 -0.0157707 0.993529 -33.6937 0.000438477 0.999873 0.015921 -0.707521 -0.993654 0.00222637 -0.112455 -16.8988 
-0.0869748 -0.0209288 0.995991 -33.9297 -0.0349179 0.999229 0.0179477 -0.725698 -0.995598 -0.0332169 -0.0876386 -16.9295 
-0.0904415 0.000126018 0.995902 -34.1811 -0.0247877 0.99969 -0.00237756 -0.732673 -0.995593 -0.0249011 -0.0904103 -16.9219 
-0.0325419 -0.0232395 0.9992 -34.4026 -0.0258063 0.999416 0.022404 -0.746842 -0.999137 -0.0250566 -0.0331226 -16.941 
0.00640539 -0.0501766 0.99872 -34.6456 -0.0309664 0.998251 0.0503516 -0.75517 -0.9995 -0.0312492 0.00484043 -16.9225 
-0.0249051 -0.00639484 0.999669 -34.8508 -0.0188319 0.999805 0.00592654 -0.781236 -0.999513 -0.018678 -0.0250207 -16.8918 
0.0109548 -0.00682979 0.999917 -35.0883 -0.0171729 0.999828 0.00701732 -0.743734 -0.999793 -0.0172483 0.0108356 -16.8818 
0.0573024 -0.00465211 0.998346 -35.2981 -0.0296868 0.999539 0.00636161 -0.710167 -0.997916 -0.0300023 0.0571379 -16.8766 
0.0760108 -0.00662193 0.997085 -35.5031 -0.00550365 0.99996 0.00706058 -0.710338 -0.997092 -0.00602429 0.0759713 -16.8354 
0.114382 -0.0096713 0.99339 -35.6333 -0.0608733 0.998005 0.0167254 -0.759373 -0.99157 -0.062384 0.113565 -16.859 
0.286242 -0.0192212 0.957965 -35.8204 -0.0871076 0.995137 0.045995 -0.791635 -0.95419 -0.0966116 0.283175 -16.828 
0.381386 -0.0308452 0.923901 -35.9811 -0.0024805 0.999405 0.03439 -0.795447 -0.924412 -0.0154076 0.381083 -16.737 
0.559195 -0.0125983 0.82894 -36.1045 -0.0241261 0.999214 0.0314614 -0.801526 -0.828685 -0.0375922 0.558452 -16.6249 
0.680655 -0.0546937 0.730559 -36.2312 -0.00253211 0.997028 0.0770021 -0.806682 -0.732599 -0.0542618 0.678494 -16.5576 
0.715096 -0.0349975 0.69815 -36.2922 -0.0457313 0.994264 0.0966826 -0.860785 -0.697529 -0.101065 0.709393 -16.516 
0.677353 -0.0333874 0.7349 -36.3687 -0.0582907 0.993393 0.0988572 -0.893232 -0.733345 -0.109799 0.670932 -16.4659 
0.709203 -0.0344861 0.704161 -36.4726 -0.0434486 0.994766 0.0924781 -0.900205 -0.703665 -0.0961805 0.703992 -16.3567 
0.79534 -0.0299018 0.605426 -36.5819 -0.0333903 0.995105 0.0930125 -0.901738 -0.605243 -0.0941919 0.790448 -16.2067 
0.815958 -0.030775 0.577292 -36.647 -0.00218804 0.998411 0.056317 -0.916286 -0.578108 -0.0472155 0.814593 -16.043 
0.843916 -0.0128761 0.536321 -36.7038 -0.0286357 0.997206 0.0690001 -0.935691 -0.53571 -0.0735882 0.841189 -15.9144 
0.890015 -0.0309177 0.454881 -36.7873 -0.00613715 0.996795 0.0797587 -0.94867 -0.455889 -0.0737782 0.886973 -15.8006 
0.885236 -0.0371762 0.463655 -36.8793 -0.00415506 0.996129 0.0878034 -0.993098 -0.465125 -0.0796532 0.881655 -15.6697 
0.86191 -0.043594 0.505185 -36.9973 0.00522733 0.997008 0.0771166 -1.01746 -0.507035 -0.0638268 0.859559 -15.5092 
0.901903 -0.0366551 0.430381 -37.1692 -0.00928436 0.994517 0.104158 -1.04642 -0.431839 -0.0979364 0.896618 -15.3008 
0.907431 -0.041842 0.418114 -37.2957 -0.00233349 0.994513 0.104588 -1.06121 -0.420196 -0.0958823 0.902354 -15.1149 
0.911018 -0.0165245 0.412036 -37.4365 -0.0276538 0.994499 0.101027 -1.07916 -0.411439 -0.103432 0.905549 -14.8833 
0.931919 -0.0615464 0.357407 -37.5467 0.0183805 0.992244 0.122941 -1.06798 -0.362201 -0.108002 0.925822 -14.7125 
0.929438 -0.0636947 0.363439 -37.6721 0.0221953 0.992855 0.117242 -1.09296 -0.36831 -0.100903 0.924212 -14.5111 
0.916013 -0.0205501 0.400621 -37.7872 -0.00962362 0.997274 0.0731602 -1.10746 -0.401032 -0.0708712 0.913318 -14.2602 
0.942737 -0.0184075 0.333029 -37.9039 -0.015399 0.995009 0.0985884 -1.10849 -0.333182 -0.0980712 0.937748 -14.0108 
0.931231 -0.0150203 0.364121 -38.0017 -0.0121259 0.99732 0.0721521 -1.09306 -0.364228 -0.0716055 0.928553 -13.7433 
0.96364 -0.0207201 0.266401 -38.1 0.00736103 0.998669 0.0510478 -1.07381 -0.267104 -0.0472307 0.96251 -13.5283 
0.986097 -0.0296053 0.163515 -38.1732 0.0123226 0.99432 0.105715 -1.08129 -0.165715 -0.10223 0.980861 -13.3378 
0.998868 -0.00952402 0.0466016 -38.2159 0.00290336 0.99013 0.140123 -1.10446 -0.0474762 -0.139829 0.989037 -13.1057 
0.991032 -0.0585704 -0.120105 -38.2767 0.0652961 0.996466 0.0528464 -1.07043 0.116585 -0.0602148 0.991354 -12.8547 
0.964753 -0.0531613 -0.257731 -38.2741 0.0903812 0.986744 0.134788 -1.14417 0.247149 -0.153331 0.956769 -12.6783 
0.927588 -0.0593089 -0.368866 -38.2653 0.0865012 0.994585 0.0576083 -1.1741 0.363452 -0.0853442 0.927696 -12.4587 
0.807224 -0.04912 -0.588197 -38.2481 0.102182 0.993114 0.057297 -1.18173 0.581333 -0.106355 0.806685 -12.2281 
0.732204 -0.084955 -0.675766 -38.1943 0.147619 0.9884 0.0356897 -1.17493 0.664895 -0.125888 0.736251 -12.0035 
0.65651 -0.0485232 -0.752755 -38.06 0.15572 0.985151 0.072306 -1.21591 0.73807 -0.164688 0.654317 -11.8131 
0.517652 -0.0706834 -0.852666 -37.9308 0.117818 0.992977 -0.0107874 -1.22932 0.84744 -0.0948756 0.522344 -11.6347 
0.480953 -0.0579673 -0.874828 -37.7137 0.121856 0.992547 0.00122523 -1.26784 0.868237 -0.107193 0.484432 -11.4647 
0.427133 -0.0342207 -0.903541 -37.525 0.107539 0.994113 0.0131863 -1.26593 0.897771 -0.102799 0.428299 -11.3374 
0.418093 -0.0792517 -0.904941 -37.3762 0.139649 0.989953 -0.0221775 -1.26322 0.897606 -0.117102 0.424959 -11.1961 
0.448629 -0.0620058 -0.891564 -37.1869 0.113655 0.993449 -0.011901 -1.22941 0.886462 -0.0959919 0.452738 -11.1024 
0.436251 -0.0242051 -0.899499 -37.0261 0.0449926 0.998975 -0.00506086 -1.22688 0.898699 -0.038263 0.436893 -10.9745 
0.427979 -0.0416291 -0.90283 -36.8069 0.0366724 0.998916 -0.0286753 -1.24379 0.903045 -0.0208365 0.429042 -10.8366 
0.440618 -0.0465109 -0.896489 -36.514 0.0480022 0.998449 -0.0282079 -1.23917 0.89641 -0.0306046 0.442167 -10.7398 
0.444537 -0.0115584 -0.895686 -36.3087 0.0657351 0.997642 0.0197508 -1.25973 0.893345 -0.067658 0.444249 -10.5869 
0.412158 -0.0504568 -0.909714 -36.0781 0.132288 0.991199 0.00495872 -1.2551 0.901457 -0.122388 0.415206 -10.4428 
0.430539 -0.0588665 -0.90065 -35.8336 0.139685 0.990194 0.00205462 -1.24666 0.891698 -0.126692 0.43454 -10.3248 
0.45063 -0.0120823 -0.892629 -35.6087 0.110429 0.992983 0.0423077 -1.2299 0.885855 -0.117637 0.448802 -10.1738 
0.388487 -0.0384576 -0.920651 -35.3941 0.0940042 0.99557 -0.00192007 -1.21592 0.916646 -0.0857992 0.390382 -10.0314 
0.421178 -0.0609127 -0.90493 -35.1925 0.0739578 0.996726 -0.0326698 -1.2249 0.903958 -0.0531669 0.424304 -9.95454 
0.38662 -0.0629359 -0.920089 -34.9286 0.0730542 0.996624 -0.0374738 -1.24729 0.919341 -0.0527283 0.389912 -9.8296 
0.395138 -0.0761028 -0.915464 -34.6976 0.0720285 0.996061 -0.0517135 -1.25086 0.915794 -0.0455055 0.399063 -9.64307 
0.433638 -0.0624517 -0.89892 -34.3951 0.0603957 0.997366 -0.0401563 -1.24738 0.899061 -0.0368776 0.436268 -9.5434 
0.429419 -0.041992 -0.902129 -34.1337 0.0623361 0.997914 -0.0167783 -1.24007 0.900952 -0.0490303 0.431141 -9.42837 
0.407761 -0.073251 -0.910146 -33.842 0.0822396 0.995672 -0.0432896 -1.23172 0.909377 -0.0571982 0.412021 -9.29509 
0.412471 -0.0632653 -0.908771 -33.4925 0.0499197 0.997656 -0.0467957 -1.23505 0.909602 -0.0260638 0.414662 -9.15836 
0.428063 -0.0457052 -0.902593 -33.2215 0.087199 0.996149 -0.00908779 -1.24108 0.899532 -0.074815 0.4304 -9.00355 
0.405667 -0.0677948 -0.911503 -32.9993 0.0790904 0.996109 -0.0388881 -1.25133 0.910593 -0.0563156 0.40945 -8.92027 
0.448243 -0.0510407 -0.892454 -32.7028 0.0966283 0.995285 -0.00838934 -1.25709 0.888674 -0.0824758 0.451061 -8.83214 
0.431012 -0.0418223 -0.901376 -32.5431 0.0731079 0.99726 -0.011313 -1.22168 0.899379 -0.0610217 0.432889 -8.7316 
0.401649 -0.129373 -0.90661 -32.3862 0.161169 0.984506 -0.0690869 -1.1793 0.9015 -0.118369 0.416277 -8.66714 
0.390321 -0.0685848 -0.918121 -32.2233 0.0896745 0.995312 -0.0362277 -1.18081 0.916301 -0.0681916 0.394641 -8.61697 
0.394029 -0.0458247 -0.917955 -32.0995 0.11483 0.993385 -0.000299834 -1.12167 0.911897 -0.105291 0.396685 -8.58223 
0.381452 -0.0652924 -0.92208 -31.9903 0.0826859 0.995914 -0.0363146 -1.08377 0.920683 -0.0623907 0.385292 -8.44117 
0.333936 -0.0540238 -0.941046 -31.8914 0.0888988 0.995711 -0.0256158 -1.08407 0.938394 -0.0751038 0.337307 -8.31331 
0.32365 -0.0501255 -0.944848 -31.8275 0.10572 0.994259 -0.0165334 -1.08105 0.940252 -0.094538 0.327091 -8.28029 
0.369952 -0.0190264 -0.928856 -31.6832 0.0880886 0.996004 0.0146827 -1.061 0.924865 -0.0872535 0.37015 -8.23362 
0.465637 -0.0240337 -0.88465 -31.5031 0.10501 0.994069 0.0282659 -1.06677 0.878724 -0.106059 0.465399 -8.12215 
0.45647 -0.0652775 -0.887341 -31.2791 0.0719175 0.996749 -0.03633 -1.05977 0.886828 -0.0472318 0.45968 -7.98043 
0.473647 -0.0581709 -0.878792 -31.013 0.075919 0.996799 -0.0250638 -1.0708 0.877437 -0.0548456 0.476547 -7.8383 
0.486805 -0.0356662 -0.872782 -30.738 0.0797115 0.996811 0.0037255 -1.08796 0.869866 -0.0713844 0.488095 -7.71127 
0.48809 -0.0547907 -0.871072 -30.4812 0.0691039 0.99732 -0.0240106 -1.10068 0.870053 -0.0484751 0.490569 -7.56735 
0.51323 -0.0613426 -0.856056 -30.2185 0.0695059 0.997137 -0.0297813 -1.12548 0.855432 -0.0442163 0.516024 -7.45512 
0.528825 -0.0369637 -0.847926 -29.9873 0.0726024 0.997359 0.0018018 -1.13683 0.84562 -0.0625143 0.530112 -7.30679 
0.525897 -0.0472022 -0.849238 -29.7811 0.0878828 0.99613 -0.000944726 -1.14315 0.845996 -0.0741365 0.52801 -7.08723 
0.548198 -0.0476742 -0.834989 -29.5282 0.053319 0.998335 -0.0219949 -1.13515 0.834647 -0.0324632 0.549828 -6.92509 
0.54624 -0.00991721 -0.83757 -29.251 0.065705 0.997356 0.0310418 -1.12855 0.835048 -0.0719888 0.545447 -6.73263 
0.507428 -0.0379677 -0.860857 -29.0032 0.0917424 0.995731 0.0101608 -1.11577 0.856797 -0.084133 0.508745 -6.46697 
0.529845 -0.0396657 -0.847166 -28.7792 0.0472458 0.998735 -0.0172133 -1.13488 0.846777 -0.0309047 0.531049 -6.30873 
0.5286 -0.0265344 -0.848456 -28.6184 0.0505294 0.998723 0.000246793 -1.12163 0.847366 -0.0430024 0.529266 -6.15196 
0.517672 -0.034391 -0.854888 -28.4566 0.0692343 0.997599 0.00179239 -1.12011 0.852773 -0.0601155 0.51881 -6.02193 
0.526976 -0.0239771 -0.849542 -28.2384 0.0423912 0.999099 -0.00190268 -1.10751 0.848822 -0.0350104 0.527518 -5.92307 
0.53284 -0.0389095 -0.845321 -27.9758 0.061687 0.998071 -0.00705658 -1.13158 0.843964 -0.0483853 0.534212 -5.76693 
0.545268 -0.0568992 -0.836329 -27.7168 0.0888285 0.995998 -0.00984804 -1.13426 0.833542 -0.06892 0.54814 -5.57755 
0.584284 -0.0183612 -0.811342 -27.4547 0.075143 0.996673 0.0315585 -1.14932 0.808063 -0.0794057 0.58372 -5.44231 
0.550527 -0.0488758 -0.833385 -27.233 0.0838711 0.996472 -0.00303587 -1.18167 0.830594 -0.0682256 0.552684 -5.32116 
0.55392 -0.0584072 -0.830519 -27.0707 0.116058 0.993214 0.00755676 -1.22532 0.824441 -0.100574 0.556939 -5.21125 
0.591199 -0.0337678 -0.805818 -26.8994 0.0881029 0.995848 0.0229068 -1.22928 0.801699 -0.0845374 0.59172 -5.1408 
0.571359 -0.0370582 -0.819863 -26.7183 0.0522351 0.998597 -0.00873465 -1.23123 0.819036 -0.037835 0.572493 -5.05221 
0.618455 -0.0329857 -0.785127 -26.5664 0.0414842 0.999096 -0.00929746 -1.24942 0.784724 -0.0268203 0.619265 -4.97533 
0.624217 -0.00491481 -0.781236 -26.3264 0.0552846 0.997751 0.0378962 -1.23781 0.779292 -0.0668458 0.623085 -4.83003 
0.583759 -0.0490588 -0.810443 -26.1163 0.0699084 0.997503 -0.0100274 -1.18785 0.808912 -0.0508032 0.585731 -4.68767 
0.601605 -0.0522702 -0.797081 -25.9434 0.0568418 0.998128 -0.0225523 -1.15048 0.796768 -0.03174 0.603451 -4.58406 
0.596446 -0.0178849 -0.802454 -25.7756 0.0604489 0.997913 0.0226891 -1.1299 0.800374 -0.0620403 0.596283 -4.41804 
0.578045 -0.0441258 -0.814811 -25.6083 0.0759533 0.997111 -0.000115275 -1.11216 0.812462 -0.0618209 0.579727 -4.33332 
0.608604 -0.027776 -0.792988 -25.4545 0.0701862 0.997354 0.0189323 -1.11329 0.790364 -0.0671791 0.608943 -4.23485 
0.618109 -0.0168852 -0.785911 -25.2854 0.0594989 0.997906 0.0253552 -1.11479 0.783838 -0.0624331 0.617819 -4.17639 
0.62305 -0.026266 -0.781741 -25.0972 0.0804053 0.996292 0.0306085 -1.15508 0.778038 -0.0819267 0.622852 -4.07383 
0.662188 0.00873474 -0.749287 -24.8949 0.0592799 0.996188 0.0640021 -1.1584 0.746989 -0.086799 0.659146 -3.98481 
0.633331 -0.00216567 -0.773878 -24.7507 0.0789679 0.994957 0.0618418 -1.17345 0.769842 -0.100278 0.630308 -3.93975 
0.623114 -0.0270396 -0.781664 -24.5867 0.0819142 0.996162 0.0308394 -1.12116 0.77783 -0.0832458 0.622938 -3.80571 
0.618109 -0.0142532 -0.785963 -24.4319 0.0861217 0.995045 0.0496843 -1.08713 0.781361 -0.0983987 0.616274 -3.71947 
0.59404 -0.0269515 -0.803984 -24.293 0.071107 0.997286 0.0191075 -1.1076 0.801286 -0.0685195 0.594344 -3.64798 
0.622309 -0.0283373 -0.782259 -24.1763 0.0450133 0.998986 -0.000378864 -1.11071 0.781476 -0.0349763 0.622954 -3.53323 
0.63953 -0.01521 -0.768615 -24.0128 0.0834114 0.995275 0.0497075 -1.11467 0.764227 -0.0959007 0.637777 -3.49749 
0.610456 -0.0538059 -0.79022 -23.8213 0.100678 0.994869 0.0100345 -1.13945 0.785625 -0.0856831 0.612741 -3.51472 
0.627383 -0.0507615 -0.777055 -23.6292 0.063017 0.99791 -0.01431 -1.11317 0.776157 -0.0399898 0.62927 -3.41478 
0.605918 -0.0452876 -0.794237 -23.4435 0.0685396 0.997638 -0.00459725 -1.15585 0.792569 -0.0516511 0.607591 -3.29564 
0.619815 -0.0553965 -0.782791 -23.2753 0.0914122 0.995811 0.00190875 -1.17723 0.779406 -0.0727397 0.622282 -3.16878 
0.658044 -0.0347705 -0.752177 -23.1382 0.0579053 0.998312 0.00451015 -1.22353 0.75075 -0.0465229 0.658946 -3.0454 
0.637222 -0.0533408 -0.768832 -23.0119 0.0597758 0.998017 -0.0196982 -1.20459 0.768359 -0.0334055 0.639147 -2.94459 
0.653792 -0.0629998 -0.754047 -22.8587 0.093914 0.995579 -0.00175191 -1.14245 0.750824 -0.0696702 0.656818 -2.83739 
0.674785 -0.0419987 -0.736819 -22.6764 0.0861858 0.996033 0.0221558 -1.13538 0.732965 -0.0784537 0.675728 -2.62443 
0.649529 -0.0584481 -0.758088 -22.5126 0.100527 0.99489 0.00942634 -1.14281 0.753663 -0.0823312 0.652085 -2.50721 
0.6881 -0.0546111 -0.723558 -22.3305 0.10307 0.994409 0.0229651 -1.17368 0.718258 -0.0903791 0.689882 -2.38019 
0.683833 -0.0257544 -0.729184 -22.1428 0.0697105 0.997111 0.0301575 -1.2127 0.726301 -0.0714545 0.683653 -2.28632 
0.66701 -0.0360442 -0.744176 -21.9813 0.0809414 0.996423 0.0242865 -1.23078 0.740639 -0.076434 0.667542 -2.18366 
0.701017 -0.0162784 -0.712959 -21.8342 0.027254 0.999621 0.00397396 -1.21992 0.712624 -0.0222168 0.701194 -2.11694 
0.722157 -0.0383107 -0.690668 -21.6356 0.0753883 0.996877 0.0235296 -1.25431 0.687609 -0.0690603 0.72279 -1.96816 
0.729757 -0.0571619 -0.681313 -21.4816 0.0741594 0.997237 -0.00423541 -1.27363 0.679673 -0.047435 0.73198 -1.87816 
0.748438 -0.0377557 -0.662129 -21.3332 0.0601755 0.998126 0.0111046 -1.28062 0.660469 -0.048155 0.749307 -1.78737 
0.744676 -0.0399827 -0.666228 -21.1858 0.0607307 0.998122 0.00798078 -1.3003 0.664658 -0.0464036 0.745706 -1.66119 
0.744055 -0.0630165 -0.66514 -21.0201 0.080197 0.996768 -0.00472351 -1.31909 0.663287 -0.0498277 0.746704 -1.52743 
0.77926 -0.0193057 -0.626403 -20.8743 0.05067 0.998194 0.0322704 -1.34293 0.624649 -0.0568869 0.778831 -1.37886 
0.756075 -0.0539391 -0.652259 -20.6742 0.07022 0.997531 -0.00109518 -1.36366 0.650707 -0.0449736 0.757996 -1.23113 
0.770952 -0.052806 -0.6347 -20.4886 0.0598693 0.998153 -0.0103232 -1.40421 0.634073 -0.0300404 0.772689 -1.07755 
0.780413 -0.0488004 -0.623357 -20.3414 0.06807 0.997655 0.00711757 -1.42415 0.621548 -0.0479866 0.781905 -1.00669 
0.774584 -0.0652923 -0.629092 -20.2293 0.0810695 0.996702 -0.00362718 -1.38397 0.627254 -0.0481907 0.777322 -0.890138 
0.799372 -0.0311949 -0.600026 -20.1051 0.0597526 0.997828 0.0277279 -1.34809 0.597858 -0.058018 0.7995 -0.737064 
0.791102 -0.0146429 -0.611509 -19.9914 0.0695151 0.995389 0.0660957 -1.34432 0.607721 -0.0947975 0.788472 -0.587718 
0.76696 -0.0264979 -0.641148 -19.8456 0.0735688 0.99619 0.0468339 -1.33899 0.637464 -0.0830882 0.765987 -0.401459 
0.802854 -0.0169931 -0.595934 -19.7276 0.0363628 0.999128 0.0204985 -1.34201 0.595066 -0.0381271 0.802772 -0.243924 
0.787332 -0.0199334 -0.616208 -19.6003 0.0485885 0.998375 0.0297859 -1.3433 0.614612 -0.053392 0.78702 -0.0705704 
0.771919 -0.0601159 -0.632873 -19.4818 0.0959369 0.995133 0.0224881 -1.34754 0.628441 -0.0780749 0.773929 0.0594843 
0.790576 -0.0551384 -0.609876 -19.3991 0.0711965 0.99746 0.0021118 -1.32663 0.608211 -0.0450906 0.792494 0.153735 
0.767595 -0.0651319 -0.637618 -19.2652 0.0888875 0.996028 0.00526404 -1.34228 0.634742 -0.0607169 0.770335 0.322107 
0.766823 -0.0618702 -0.63887 -19.1198 0.0996253 0.994754 0.0232432 -1.35256 0.63408 -0.081471 0.768964 0.464974 
0.807451 -0.0348589 -0.588903 -18.9517 0.0503458 0.998683 0.00991471 -1.36884 0.587782 -0.0376544 0.808143 0.597844 
0.784779 -0.0603429 -0.616831 -18.8055 0.0638125 0.997827 -0.0164275 -1.37744 0.616482 -0.0264695 0.786924 0.761063 
0.802276 -0.0869342 -0.590589 -18.6735 0.0871228 0.995798 -0.0282301 -1.39162 0.590561 -0.0288054 0.806478 0.929237 
0.799737 -0.0383177 -0.599127 -18.5417 0.0719715 0.996883 0.0323136 -1.38616 0.596021 -0.0689624 0.800002 1.08563 
0.783248 -0.0383536 -0.620525 -18.3903 0.0596563 0.998126 0.0136077 -1.38741 0.618841 -0.0476764 0.784069 1.26588 
0.780948 -0.0638625 -0.621323 -18.2462 0.0667995 0.997593 -0.0185764 -1.40737 0.621014 -0.0269969 0.783335 1.35378 
0.807604 -0.0583981 -0.586827 -18.0721 0.0839867 0.996331 0.0164343 -1.4005 0.583714 -0.062558 0.809546 1.5101 
0.79937 -0.0590926 -0.597926 -17.8977 0.0701218 0.997527 -0.00483859 -1.42075 0.596733 -0.0380598 0.801537 1.72387 
0.815345 -0.0711679 -0.574585 -17.7325 0.064658 0.997401 -0.0317871 -1.419 0.575354 -0.0112341 0.817828 1.87892 
0.812599 -0.043602 -0.58119 -17.6005 0.0574827 0.998331 0.00547355 -1.44288 0.579981 -0.0378562 0.81375 2.0604 
0.796432 -0.0607169 -0.601673 -17.4641 0.0663916 0.997712 -0.0128003 -1.43883 0.601073 -0.0297515 0.79864 2.22921 
0.815918 -0.0386571 -0.576874 -17.2991 0.0218785 0.999112 -0.0360074 -1.43371 0.577753 0.0167579 0.81604 2.39891 
0.818814 -0.0586975 -0.571051 -17.2112 0.0338177 0.997963 -0.054089 -1.44203 0.573063 0.0249772 0.819131 2.53293 
0.808076 -0.0757585 -0.584186 -17.0697 0.069921 0.99702 -0.0325775 -1.45562 0.584914 -0.0145218 0.810966 2.71963 
0.826498 -0.0773488 -0.5576 -16.9377 0.0573972 0.996932 -0.0532152 -1.44095 0.560006 0.0119775 0.828402 2.91494 
0.813019 -0.0693241 -0.578096 -16.8198 0.0687195 0.997372 -0.0229575 -1.45158 0.578168 -0.0210615 0.815646 3.10245 
0.805929 -0.0761677 -0.587093 -16.7 0.0965343 0.995324 0.00338648 -1.47093 0.58409 -0.0594038 0.809513 3.23562 
0.82813 -0.0639299 -0.556878 -16.5544 0.0788611 0.996882 0.00283154 -1.47152 0.55496 -0.0462609 0.83059 3.37583 
0.822805 -0.0371563 -0.567108 -16.37 0.0570232 0.998222 0.0173312 -1.4952 0.565456 -0.0465985 0.823461 3.53882 
0.829058 -0.0675426 -0.555068 -16.1809 0.0748543 0.997149 -0.00953305 -1.52112 0.55413 -0.0336458 0.83175 3.6774 
0.84634 -0.0526251 -0.530037 -16.003 0.0635406 0.997976 0.00237413 -1.51891 0.52884 -0.0356882 0.847971 3.85472 
0.832827 -0.0465853 -0.55157 -15.8969 0.0618734 0.998042 0.00912991 -1.49993 0.550065 -0.0417312 0.834078 4.07815 
0.847523 -0.0857645 -0.523783 -15.7743 0.0917157 0.995678 -0.0146293 -1.46446 0.522774 -0.0356405 0.851726 4.28715 
0.822323 -0.0783003 -0.563608 -15.6559 0.0766661 0.996702 -0.0266103 -1.47573 0.563832 -0.0213274 0.825614 4.47417 
0.80538 -0.0679699 -0.588849 -15.5621 0.0661811 0.997504 -0.024623 -1.47316 0.589052 -0.0191397 0.807868 4.62261 
0.824501 -0.0719964 -0.561262 -15.4462 0.0721567 0.997153 -0.0219115 -1.47494 0.561242 -0.0224328 0.827348 4.76793 
0.826695 -0.0230713 -0.562177 -15.3287 0.0584858 0.99727 0.0450777 -1.48741 0.559602 -0.0701448 0.825788 4.95761 
0.802113 -0.0577271 -0.594375 -15.2538 0.0717828 0.99742 -5.27129e-07 -1.44598 0.592842 -0.0426655 0.804188 5.12305 
0.817648 -0.0419018 -0.574192 -15.1494 0.0275032 0.999052 -0.0337416 -1.43039 0.575061 0.0117966 0.818026 5.29425 
0.810942 -0.0319705 -0.584253 -15.0347 0.0303288 0.999461 -0.0125945 -1.42748 0.58434 -0.00750626 0.811474 5.47127 
0.80366 -0.0516562 -0.592843 -14.9694 0.0685061 0.997633 0.00594024 -1.41866 0.591133 -0.0453873 0.805296 5.6311 
0.801956 -0.0456411 -0.595637 -14.84 0.0381233 0.998955 -0.0252171 -1.41468 0.596165 -0.00248464 0.802858 5.82411 
0.784571 -0.0724119 -0.615796 -14.7317 0.0639191 0.997311 -0.0358367 -1.4144 0.616735 -0.0112447 0.78709 6.02233 
0.779124 -0.0441425 -0.625314 -14.6046 0.0392211 0.998996 -0.0216532 -1.43117 0.625642 -0.00765501 0.780073 6.17268 
0.782947 -0.0162042 -0.621877 -14.447 0.0281273 0.99956 0.00936701 -1.43364 0.621452 -0.0248256 0.783059 6.31855 
0.748264 -0.0344766 -0.662505 -14.3317 0.0431107 0.999065 -0.00329991 -1.41946 0.661999 -0.0260918 0.749051 6.48048 
0.754496 -0.0315206 -0.655548 -14.2002 0.0167734 0.999446 -0.0287511 -1.39545 0.656091 0.0106968 0.754606 6.59419 
0.737271 -0.0351758 -0.674681 -14.0594 0.0281496 0.999376 -0.0213434 -1.41089 0.675011 -0.00325617 0.737801 6.77272 
0.742396 -0.0400863 -0.668761 -13.9858 0.0448717 0.998942 -0.0100653 -1.40245 0.668457 -0.022536 0.743409 6.90413 
0.759091 -0.0105459 -0.6509 -13.8768 0.0157506 0.999874 0.00216861 -1.35028 0.650795 -0.0118983 0.759161 7.03923 
0.744999 -0.0300259 -0.66639 -13.7636 0.0315549 0.999454 -0.00975583 -1.36858 0.666319 -0.0137598 0.74554 7.18241 
0.732817 -0.0493559 -0.678634 -13.643 0.0582176 0.998256 -0.00973584 -1.35921 0.677931 -0.0323738 0.734412 7.31632 
0.76576 -0.0202901 -0.642807 -13.5143 0.0141512 0.999792 -0.0147002 -1.33341 0.642971 0.00216034 0.765887 7.44949 
0.792059 -0.0154784 -0.610249 -13.4067 0.0533195 0.997612 0.0439013 -1.36093 0.608112 -0.0673106 0.790993 7.58299 
0.810536 -0.0127592 -0.58555 -13.2815 0.0407829 0.998565 0.034694 -1.35778 0.584268 -0.0520011 0.809893 7.70729 
0.821296 -0.00115951 -0.570501 -13.1668 0.0376822 0.997924 0.0522194 -1.3634 0.569256 -0.0643853 0.819636 7.82266 
0.802373 -0.020314 -0.596478 -13.0659 0.0478423 0.998394 0.0303548 -1.34101 0.594903 -0.0528927 0.802055 7.9943 
0.820082 -0.0339218 -0.57124 -12.9688 0.0460591 0.998916 0.00680486 -1.3136 0.57039 -0.0318913 0.820755 8.1793 
0.799027 -0.0290577 -0.600593 -12.8434 0.0449118 0.998926 0.0114208 -1.32784 0.599616 -0.0360992 0.799474 8.3319 
0.787854 -0.0845528 -0.610029 -12.7343 0.066801 0.996419 -0.0518344 -1.31353 0.612228 8.74214e-05 0.790681 8.46271 
0.823406 -0.0317197 -0.566566 -12.5845 0.0344657 0.999389 -0.00586171 -1.31548 0.566405 -0.0147005 0.823996 8.6431 
0.788446 -0.0676705 -0.611371 -12.4257 0.0783443 0.996883 -0.00930581 -1.29844 0.610094 -0.0405603 0.79129 8.8727 
0.791179 -0.0669458 -0.60791 -12.2584 0.083486 0.996508 -0.0010852 -1.29685 0.60586 -0.0498934 0.794005 9.12088 
0.810106 -0.0363967 -0.585152 -12.0909 0.0554509 0.998354 0.0146703 -1.30442 0.583655 -0.0443318 0.810791 9.33051 
0.786192 -0.0640922 -0.614649 -11.9214 0.0625037 0.997754 -0.0240924 -1.31318 0.614813 -0.0194766 0.788433 9.6162 
0.822885 -0.0441242 -0.566492 -11.7505 0.0450328 0.998909 -0.0123907 -1.317 0.566421 -0.0153146 0.823974 9.84756 
0.834764 -0.0162744 -0.550368 -11.5898 0.041181 0.998609 0.0329318 -1.31771 0.549066 -0.0501549 0.834273 10.0846 
0.838723 -0.061429 -0.541083 -11.4894 0.0630009 0.997891 -0.0156338 -1.34765 0.540902 -0.0209763 0.840824 10.2875 
0.866277 -0.0618943 -0.495715 -11.3626 0.0368587 0.997509 -0.060136 -1.32877 0.498203 0.033823 0.866401 10.5237 
0.837466 -0.0412075 -0.544934 -11.2567 0.0454643 0.99895 -0.00566938 -1.35606 0.544596 -0.0200271 0.83846 10.7475 
0.821582 -0.0530425 -0.567618 -11.1424 0.0743525 0.997127 0.0144402 -1.35338 0.565221 -0.0540676 0.823166 10.9868 
0.842805 -0.0620602 -0.53463 -10.983 0.0568389 0.998038 -0.0262506 -1.32537 0.53521 -0.00826368 0.844679 11.2229 
0.836872 -0.057795 -0.544339 -10.8578 0.0559458 0.998234 -0.0199755 -1.35507 0.544533 -0.0137366 0.838627 11.4289 
0.861947 -0.0455243 -0.50495 -10.8069 0.0586269 0.998229 0.0100793 -1.33289 0.503597 -0.0382915 0.86309 11.6072 
0.86199 -0.000360211 -0.506925 -10.6549 0.0250551 0.998808 0.0418947 -1.31793 0.506306 -0.0488138 0.860972 11.8318 
0.843159 0.0106842 -0.537558 -10.5212 -0.00554809 0.999922 0.0111717 -1.28831 0.537635 -0.00643709 0.843153 12.0603 
0.865901 -0.0245498 -0.499612 -10.3714 0.0370667 0.999198 0.0151437 -1.27891 0.49884 -0.0316319 0.866117 12.2577 
0.873588 -0.0270722 -0.485914 -10.2509 0.0520583 0.997921 0.0379936 -1.29098 0.483875 -0.0584866 0.873181 12.4534 
0.845687 -0.0810041 -0.527495 -10.1104 0.091277 0.995804 -0.00658292 -1.28666 0.525815 -0.0425811 0.849532 12.6812 
0.891956 -0.0323384 -0.450965 -9.97404 0.0653583 0.996184 0.0578354 -1.29893 0.447374 -0.0810609 0.890666 12.9037 
0.881139 -0.047704 -0.470445 -9.8523 0.057756 0.998307 0.00694628 -1.27479 0.469317 -0.0332917 0.882402 13.0484 
0.883484 -0.0584829 -0.464796 -9.71894 0.0513473 0.998288 -0.0280086 -1.31303 0.465639 0.000879144 0.884974 13.1796 
0.898366 0.00672094 -0.439196 -9.60724 -0.00428387 0.999969 0.00653979 -1.29711 0.439226 -0.00399367 0.898368 13.4442 
0.883416 -0.0279785 -0.467753 -9.51461 0.0236955 0.999606 -0.0150388 -1.26815 0.467989 0.00220191 0.883731 13.6764 
0.873166 -0.0258853 -0.486735 -9.417 0.0126 0.999454 -0.0305491 -1.26156 0.48726 0.0205415 0.873015 13.8358 
0.872449 -0.0118127 -0.488562 -9.34188 0.0109012 0.999929 -0.00471008 -1.25265 0.488583 -0.00121659 0.872517 14.0434 
0.84658 -0.0342648 -0.531158 -9.26842 0.0467462 0.998856 0.01007 -1.22143 0.530205 -0.0333547 0.847213 14.2332 
0.837496 -0.0279665 -0.545728 -9.14526 0.0385588 0.999225 0.00796744 -1.20704 0.545082 -0.0277153 0.837925 14.4849 
0.829123 0.00938786 -0.558987 -9.06024 0.0264693 0.998079 0.0560231 -1.23808 0.558439 -0.061246 0.827282 14.6756 
0.817098 -0.0282984 -0.575804 -8.99449 0.0682673 0.996517 0.0479003 -1.22439 0.572443 -0.0784479 0.816183 14.8635 
0.847709 -0.0454774 -0.528508 -8.92735 0.0647575 0.997738 0.0180148 -1.23012 0.526494 -0.0494962 0.848737 15.0007 
0.803478 -0.0350454 -0.594303 -8.83405 0.0498554 0.99872 0.0085094 -1.21199 0.593244 -0.0364663 0.804197 15.1567 
0.806274 -0.0535326 -0.589115 -8.76527 0.058357 0.998237 -0.0108408 -1.22627 0.588657 -0.0256383 0.807976 15.3552 
0.851319 -0.0460321 -0.522626 -8.6887 0.0448142 0.998883 -0.0149811 -1.2225 0.522732 -0.0106674 0.852431 15.5664 
0.834929 -0.03597 -0.549181 -8.62525 0.0409346 0.999157 -0.00320885 -1.18684 0.548834 -0.0198013 0.835697 15.7212 
0.843118 -0.0254244 -0.537128 -8.51546 0.0455172 0.998671 0.0241761 -1.18408 0.535799 -0.0448319 0.843154 15.8834 
0.86216 0.000340736 -0.506637 -8.40339 0.0231358 0.99893 0.0400428 -1.17391 0.506109 -0.0462447 0.861229 16.024 
0.852508 0.0227381 -0.52222 -8.26687 0.000676677 0.999005 0.0446026 -1.15815 0.522715 -0.0383774 0.851644 16.2221 
0.853539 -0.000350873 -0.52103 -8.12506 0.00110594 0.999999 0.0011383 -1.11844 0.521029 -0.00154781 0.853538 16.431 
0.83982 -0.00543153 -0.542838 -7.97618 0.0209633 0.999529 0.022431 -1.1398 0.542461 -0.0302177 0.839538 16.6405 
0.812636 -0.0132763 -0.58262 -7.86324 0.0433693 0.998346 0.0377418 -1.13455 0.581156 -0.0559382 0.811868 16.8345 
0.821061 -0.0158069 -0.570622 -7.74836 0.0211471 0.999773 0.0027334 -1.1055 0.570449 -0.0143113 0.821208 17.0051 
0.810772 0.00457502 -0.585344 -7.64716 0.0215379 0.999059 0.0376412 -1.11419 0.584965 -0.0431256 0.809911 17.2134 
0.787705 0.00304862 -0.616046 -7.56564 0.0299269 0.998618 0.0432078 -1.11371 0.615326 -0.0524713 0.786525 17.3642 
0.821283 0.0103622 -0.570428 -7.47328 0.00128571 0.999799 0.0200131 -1.09494 0.57052 -0.0171698 0.821104 17.5198 
0.789447 -0.00497956 -0.613798 -7.3467 0.0170876 0.999758 0.0138668 -1.08971 0.613581 -0.0214354 0.789341 17.6818 
0.611583 -0.0370227 -0.790314 -7.17713 0.0544448 0.998506 -0.0046435 -1.09768 0.789305 -0.0401886 0.612685 17.7741 
0.487709 -0.0359741 -0.872265 -7.01232 0.021899 0.99934 -0.0289706 -1.10381 0.872731 -0.00497246 0.488175 17.8332 
0.337245 -0.030849 -0.940912 -6.87344 0.0772481 0.996999 -0.00500043 -1.10397 0.938242 -0.0709973 0.338616 17.933 
0.203635 -0.0269977 -0.978675 -6.75629 0.0897382 0.995926 -0.00880158 -1.12653 0.974926 -0.0860322 0.205228 18.0039 
0.13606 -0.0815342 -0.98734 -6.61108 0.0714037 0.994823 -0.0723123 -1.11418 0.988124 -0.0606609 0.141178 18.1013 
-0.00195134 -0.0584547 -0.998288 -6.4345 0.0438692 0.997324 -0.058484 -1.11913 0.999035 -0.0439083 0.000618219 18.1658 
-0.193065 -0.0677774 -0.978842 -6.27849 0.0669084 0.99438 -0.0820502 -1.12265 0.978902 -0.0813338 -0.187445 18.1294 
-0.167173 -0.0343753 -0.985328 -6.12125 0.0480003 0.997923 -0.0429585 -1.11791 0.984758 -0.0544775 -0.165175 18.0963 
-0.189055 -0.0507633 -0.980653 -5.8561 0.015256 0.998391 -0.0546226 -1.13974 0.981848 -0.0252876 -0.187977 18.0058 
-0.186558 -0.0450928 -0.981409 -5.64088 0.00374188 0.998906 -0.046608 -1.16611 0.982437 -0.0123674 -0.186185 17.922 
-0.139747 -0.0332268 -0.98963 -5.35881 0.023922 0.999032 -0.0369205 -1.18886 0.989898 -0.0288335 -0.138817 17.8562 
-0.180588 -0.0432667 -0.982607 -5.15754 0.0370772 0.998022 -0.0507598 -1.18735 0.98286 -0.0455989 -0.178627 17.8375 
-0.182992 -0.0507275 -0.981805 -4.90869 0.0225757 0.998188 -0.0557817 -1.1957 0.982855 -0.0323725 -0.181515 17.8074 
-0.190213 -0.027658 -0.981353 -4.62686 0.0423239 0.998443 -0.0363432 -1.21776 0.98083 -0.0484476 -0.188746 17.7704 
-0.226364 -0.0329373 -0.973486 -4.34263 0.0705031 0.996253 -0.0501017 -1.22997 0.971488 -0.079975 -0.223194 17.7579 
-0.183116 -0.0370503 -0.982393 -4.06874 0.0662198 0.996555 -0.0499277 -1.2844 0.980859 -0.0741965 -0.180032 17.7691 
-0.19986 -0.0320169 -0.979301 -3.83394 0.0658602 0.996767 -0.0460289 -1.35159 0.977609 -0.0736963 -0.197105 17.7379 
-0.173394 -0.0511138 -0.983525 -3.55686 0.0536956 0.996676 -0.0612637 -1.41568 0.983388 -0.0634338 -0.170074 17.7761 
-0.140619 -0.0318857 -0.98955 -3.42987 0.0490837 0.998028 -0.0391339 -1.39581 0.988846 -0.0540738 -0.138777 17.7126 
-0.124927 -0.0246072 -0.991861 -3.18472 0.0299607 0.999143 -0.0285614 -1.38354 0.991714 -0.033285 -0.124082 17.6629 
-0.165757 -0.0422166 -0.985263 -2.9641 -0.00661075 0.999108 -0.0416977 -1.38002 0.986145 -0.000398347 -0.165888 17.5808 
-0.111916 -0.0157717 -0.993593 -2.75371 0.0560681 0.998181 -0.0221599 -1.37752 0.992135 -0.0581889 -0.110828 17.5175 
-0.146372 -0.0190881 -0.989046 -2.53351 0.0407812 0.998847 -0.0253126 -1.34599 0.988389 -0.0440396 -0.145425 17.4738 
-0.157019 -0.00735572 -0.987568 -2.29159 0.0415626 0.999037 -0.0140494 -1.31018 0.986721 -0.0432519 -0.156562 17.408 
-0.188157 -0.00123082 -0.982138 -2.05326 0.0404369 0.999142 -0.00899899 -1.27811 0.981306 -0.0414078 -0.187946 17.3601 
-0.328899 -0.0176078 -0.944201 -1.85504 0.0963178 0.993987 -0.0520871 -1.24579 0.939441 -0.108075 -0.325225 17.2951 
-0.41747 -0.0636833 -0.906456 -1.69251 0.0453664 0.994837 -0.090786 -1.18116 0.907557 -0.0790231 -0.412426 17.182 
-0.669222 -0.0641478 -0.740288 -1.51907 0.000992741 0.996189 -0.0872197 -1.19122 0.743062 -0.0591042 -0.666608 17.0397 
-0.826622 -0.0616958 -0.559366 -1.34631 -0.0240289 0.996935 -0.0744483 -1.19468 0.562245 -0.0480996 -0.825571 16.9198 
-0.877245 -0.108448 -0.467633 -1.21267 -0.0735544 0.99301 -0.092304 -1.18552 0.474375 -0.0465767 -0.87909 16.7419 
-0.94888 -0.0892173 -0.302766 -1.13794 -0.0592624 0.992519 -0.106739 -1.19098 0.310024 -0.0833398 -0.947069 16.5629 
-0.974798 -0.0977295 -0.200545 -1.12448 -0.0777453 0.991404 -0.105231 -1.14519 0.209106 -0.0869874 -0.974016 16.4272 
-0.971717 -0.0859287 -0.219959 -1.12093 -0.0584873 0.99 -0.128371 -1.12333 0.22879 -0.111875 -0.967026 16.2307 
-0.983752 -0.0794936 -0.160972 -1.06707 -0.064427 0.993221 -0.096753 -1.10175 0.167572 -0.08481 -0.982205 16.0328 
-0.987729 -0.0694641 -0.139876 -1.0065 -0.0488458 0.98811 -0.145785 -1.13286 0.148339 -0.137164 -0.979378 15.8254 
-0.991248 -0.0800501 -0.104969 -0.993106 -0.0665297 0.989731 -0.126519 -1.12758 0.114019 -0.118428 -0.986395 15.5977 
-0.993441 -0.0782209 -0.083402 -0.989394 -0.0658708 0.987711 -0.141734 -1.1064 0.0934636 -0.13531 -0.986385 15.3862 
-0.989632 -0.0883185 -0.113265 -0.9662 -0.0730211 0.988457 -0.132743 -1.0968 0.123681 -0.123096 -0.984658 15.1402 
-0.990472 -0.0819048 -0.110708 -0.948077 -0.0674291 0.989387 -0.128708 -1.09464 0.120074 -0.120017 -0.985484 14.9382 
-0.994577 -0.0559692 -0.0876539 -0.914853 -0.0429546 0.98866 -0.143894 -1.11909 0.0947135 -0.139349 -0.985703 14.7716 
-0.992594 -0.052047 -0.109765 -0.919132 -0.0345119 0.987156 -0.155989 -1.11743 0.116474 -0.151045 -0.981641 14.4866 
-0.995767 -0.0245142 -0.0885841 -0.905025 -0.0105587 0.987906 -0.154697 -1.13241 0.091305 -0.153107 -0.983983 14.2461 
-0.996513 -0.0179014 -0.0814883 -0.982011 -0.0106072 0.995968 -0.0890799 -1.07232 0.0827544 -0.087905 -0.992685 13.9772 
-0.997387 -0.00590282 -0.0720066 -0.9681 0.00271216 0.992895 -0.118961 -1.05551 0.0721972 -0.118845 -0.990285 13.7285 
-0.999186 0.00080425 -0.0403239 -0.93869 0.00592278 0.991888 -0.126978 -1.05094 0.0398947 -0.127113 -0.991086 13.5229 
-0.995797 -0.0383524 -0.0831658 -0.918228 -0.0360734 0.998936 -0.0287353 -1.01842 0.0841794 -0.0256145 -0.996121 13.3188 
-0.998498 -0.0150553 -0.0526814 -0.842476 -0.0112226 0.997319 -0.0723063 -1.08124 0.0536288 -0.0716064 -0.99599 13.0436 
-0.997504 -0.0248065 -0.0661091 -0.820527 -0.0181795 0.994919 -0.0990246 -1.1194 0.0682296 -0.0975756 -0.992887 12.8487 
-0.998307 0.0144802 -0.0563358 -0.825866 0.0208026 0.993341 -0.113314 -1.1171 0.0543199 -0.114294 -0.991961 12.5608 
-0.999008 0.0228624 -0.0382026 -0.7937 0.0256222 0.996974 -0.0733873 -1.10534 0.0364092 -0.0742934 -0.996572 12.3632 
-0.997195 0.00648807 -0.0745611 -0.812601 0.00729368 0.999918 -0.0105374 -1.15817 0.0744866 -0.0110517 -0.997161 12.0834 
-0.994707 -0.00309796 -0.102702 -0.819394 0.00373032 0.997798 -0.0662279 -1.2134 0.102681 -0.0662605 -0.992505 11.8479 
-0.996177 -0.0217706 -0.0846065 -0.806317 -0.0166429 0.998008 -0.0608465 -1.2081 0.0857626 -0.0592057 -0.994555 11.6123 
-0.994662 -0.0232045 -0.10054 -0.792274 -0.0206999 0.999451 -0.0258831 -1.1912 0.101086 -0.0236638 -0.994596 11.3461 
-0.996329 -0.02662 -0.0813621 -0.742359 -0.0231651 0.998801 -0.0431162 -1.21039 0.0824123 -0.0410732 -0.995752 11.06 
-0.996801 -0.0300482 -0.0740622 -0.711182 -0.024196 0.996606 -0.0786852 -1.23091 0.0761752 -0.0766414 -0.994145 10.8285 
-0.996025 -0.0412317 -0.0789606 -0.704351 -0.0363614 0.997404 -0.062155 -1.23918 0.0813183 -0.0590368 -0.994938 10.5639 
-0.998757 -0.0384705 -0.0317078 -0.692236 -0.0368145 0.998007 -0.0512545 -1.23469 0.0336164 -0.0500234 -0.998182 10.2886 
-0.998756 -0.0286454 -0.0408137 -0.745814 -0.0255305 0.996864 -0.0748989 -1.24537 0.0428313 -0.0737637 -0.996356 10.0119 
-0.997102 -0.0317577 -0.0691345 -0.754712 -0.0264506 0.996729 -0.0763707 -1.26178 0.0713337 -0.0743207 -0.99468 9.75937 
-0.997759 -0.0392624 -0.0541727 -0.742046 -0.036334 0.997878 -0.0540226 -1.24105 0.0561788 -0.0519332 -0.997069 9.53063 
-0.996113 -0.0369099 -0.0799838 -0.768939 -0.0326558 0.998014 -0.0538579 -1.26384 0.0818129 -0.0510366 -0.99534 9.33594 
-0.994537 0.000123534 -0.104383 -0.755117 0.00724659 0.997668 -0.0678633 -1.29772 0.104131 -0.068249 -0.992219 9.09839 
-0.996958 -0.0556144 -0.0546111 -0.711274 -0.0521813 0.996686 -0.062397 -1.27007 0.0579003 -0.0593575 -0.996556 8.89802 
-0.996205 -0.0538525 -0.0683747 -0.720771 -0.052013 0.998242 -0.0284054 -1.26377 0.0697842 -0.0247413 -0.997255 8.62153 
-0.996836 -0.054868 -0.0575085 -0.698971 -0.0549855 0.998487 0.000461835 -1.26439 0.0573962 0.00362251 -0.998345 8.37826 
-0.993743 -0.0834446 -0.0742441 -0.665781 -0.0757996 0.992053 -0.100427 -1.28856 0.0820342 -0.0941712 -0.99217 8.10572 
-0.994547 -0.0679534 -0.0791086 -0.659749 -0.0599875 0.993272 -0.0990515 -1.26926 0.0853073 -0.0937658 -0.991933 7.87625 
-0.99674 -0.0509832 -0.0625323 -0.637758 -0.0447809 0.99429 -0.0968646 -1.28323 0.0671137 -0.0937486 -0.993331 7.63478 
-0.997373 -0.0674338 -0.026458 -0.594745 -0.0646063 0.99327 -0.0961278 -1.26871 0.0327622 -0.0941659 -0.995017 7.38512 
-0.994269 -0.0489061 -0.0950634 -0.571353 -0.0421609 0.996534 -0.0717133 -1.26997 0.0982411 -0.0672944 -0.992885 7.11939 
-0.994276 -0.0477371 -0.0955834 -0.545712 -0.0396688 0.995625 -0.0846019 -1.29194 0.0992039 -0.0803259 -0.99182 6.90313 
-0.997333 -0.0469073 -0.0559238 -0.499879 -0.0452975 0.998532 -0.029714 -1.28204 0.0572355 -0.0271015 -0.997993 6.70363 
-0.99166 -0.0764614 -0.103754 -0.472216 -0.0619708 0.988723 -0.136335 -1.29541 0.113008 -0.128768 -0.985215 6.42833 
-0.997822 -0.063454 0.0180005 -0.449772 -0.0649177 0.993082 -0.0978469 -1.2341 -0.0116672 -0.0988024 -0.995039 6.2739 
-0.995551 -0.092461 -0.0181672 -0.457527 -0.090548 0.992073 -0.0871343 -1.24419 0.0260797 -0.0851016 -0.996031 6.0968 
-0.995476 -0.094476 0.0100796 -0.469643 -0.0949838 0.992153 -0.081299 -1.24582 -0.00231968 -0.0818886 -0.996639 5.8841 
-0.992917 -0.062952 0.100757 -0.43358 -0.0689526 0.995978 -0.0572215 -1.23344 -0.0967493 -0.0637636 -0.993264 5.63809 
-0.996435 -0.082666 0.0168198 -0.398676 -0.0835977 0.994348 -0.0654559 -1.23549 -0.0113137 -0.0666287 -0.997714 5.41853 
-0.997551 -0.0631084 -0.0301582 -0.383216 -0.0575946 0.985794 -0.157777 -1.2629 0.0396869 -0.155654 -0.987014 5.19393 
